chr	pos	depth
3	178916816	13170
3	178916817	13170
3	178916818	13170
3	178916819	13170
3	178916820	13170
3	178916821	13170
3	178916822	13170
3	178916823	13170
3	178916824	13170
3	178916825	13170
3	178916826	13170
3	178916827	13170
3	178916828	13170
3	178916829	13170
3	178916830	13170
3	178916831	13170
3	178916832	13170
3	178916833	13170
3	178916834	13170
3	178916835	13170
3	178916836	13170
3	178916837	13170
3	178916838	13170
3	178916839	13170
3	178916840	13170
3	178916841	13170
3	178916842	13170
3	178916843	13170
3	178916844	13170
3	178916845	13170
3	178916846	13170
3	178916847	13170
3	178916848	13170
3	178916849	13170
3	178916850	13170
3	178916851	13170
3	178916852	13170
3	178916853	13170
3	178916854	13170
3	178916855	13170
3	178916856	13170
3	178916857	13166
3	178916858	13170
3	178916859	13170
3	178916860	13170
3	178916861	13170
3	178916862	13170
3	178916863	13170
3	178916864	13170
3	178916865	13170
3	178916866	13170
3	178916867	13170
3	178916868	13170
3	178916869	13170
3	178916870	13170
3	178916871	13170
3	178916872	13170
3	178916873	13170
3	178916874	13170
3	178916875	13170
3	178916876	13170
3	178916877	13170
3	178916878	13170
3	178916879	13170
3	178916880	13170
3	178916881	13170
3	178916882	13170
3	178916883	13170
3	178916884	13170
3	178916885	13170
3	178916886	13170
3	178916887	13170
3	178916888	13170
3	178916889	13170
3	178916890	13170
3	178916891	13170
3	178916892	13170
3	178916893	13170
3	178916894	13170
3	178916895	13170
3	178916896	13170
3	178916897	13170
3	178916898	13170
3	178916899	13170
3	178916900	13170
3	178916901	13170
3	178916902	13170
3	178916903	13170
3	178916904	13170
3	178916905	13169
3	178916906	13169
3	178916907	13169
3	178916908	13169
3	178916909	13169
3	178916910	13169
3	178916911	13169
3	178916912	13169
3	178916913	13169
3	178916914	13169
3	178916915	13169
3	178916916	13169
3	178916917	13169
3	178916918	13169
3	178916919	13169
3	178916920	13169
3	178916921	13169
3	178916922	13169
3	178916923	13169
3	178916924	13169
3	178916925	6674
3	178916926	6630
3	178916927	6628
3	178916928	6585
3	178916929	6585
3	178916930	6585
3	178916931	6585
3	178916932	6585
3	178916933	6585
3	178916934	6585
3	178921444	11109
3	178921445	11109
3	178921446	11110
3	178921447	11110
3	178921448	11110
3	178921449	11110
3	178921450	11110
3	178921451	11110
3	178921452	11110
3	178921453	11110
3	178921454	11110
3	178921455	11110
3	178921456	11110
3	178921457	11110
3	178921458	11110
3	178921459	11110
3	178921460	11110
3	178921461	11110
3	178921462	11110
3	178921463	11110
3	178921464	11110
3	178921465	11110
3	178921466	11110
3	178921467	11110
3	178921468	11110
3	178921469	11110
3	178921470	11110
3	178921471	11110
3	178921472	11110
3	178921473	11110
3	178921474	11110
3	178921475	11110
3	178921476	11110
3	178921477	11110
3	178921478	11110
3	178921479	11110
3	178921480	11110
3	178921481	11110
3	178921482	11110
3	178921483	11110
3	178921484	11110
3	178921485	11110
3	178921486	11110
3	178921487	11110
3	178921488	11110
3	178921489	11110
3	178921490	11110
3	178921491	11110
3	178921492	11110
3	178921493	11110
3	178921494	11110
3	178921495	11110
3	178921496	11110
3	178921497	11110
3	178921498	11110
3	178921499	11110
3	178921500	11110
3	178921501	11110
3	178921502	11110
3	178921503	11110
3	178921504	11110
3	178921505	11110
3	178921506	11110
3	178921507	11110
3	178921508	11110
3	178921509	11110
3	178921510	11110
3	178921511	11110
3	178921512	11110
3	178921513	11110
3	178921514	11110
3	178921515	11110
3	178921516	11110
3	178921517	11110
3	178921518	11110
3	178921519	11110
3	178921520	11110
3	178921521	11110
3	178921522	11110
3	178921523	11110
3	178921524	11110
3	178921525	11110
3	178921526	11110
3	178921527	11110
3	178921528	11110
3	178921529	11110
3	178921530	11110
3	178921531	11110
3	178921532	11110
3	178921533	11110
3	178921534	11110
3	178921535	11110
3	178921536	11110
3	178921537	11110
3	178921538	11110
3	178921539	11110
3	178921540	11110
3	178921541	11110
3	178921542	11110
3	178921543	11110
3	178921544	11110
3	178921545	11110
3	178921546	11110
3	178921547	11110
3	178921548	11110
3	178921549	11110
3	178921550	11110
3	178921551	11110
3	178921552	11110
3	178921553	11110
3	178921554	11110
3	178921555	11110
3	178921556	5557
3	178921557	5555
3	178921558	5555
3	178921559	5555
3	178921560	5555
3	178927936	4097
3	178927937	4097
3	178927938	4097
3	178927939	4097
3	178927940	4097
3	178927941	4097
3	178927942	4097
3	178927943	4097
3	178927944	4097
3	178927945	4097
3	178927946	4097
3	178927947	4097
3	178927948	4097
3	178927949	4097
3	178927950	4097
3	178927951	4097
3	178927952	4097
3	178927953	4097
3	178927954	4097
3	178927955	4097
3	178927956	4097
3	178927957	4097
3	178927958	4097
3	178927959	4097
3	178927960	4097
3	178927961	4097
3	178927962	4097
3	178927963	4097
3	178927964	4097
3	178927965	4097
3	178927966	4097
3	178927967	4097
3	178927968	4097
3	178927969	4097
3	178927970	4097
3	178927971	4097
3	178927972	4097
3	178927973	4097
3	178927974	4097
3	178927975	4097
3	178927976	4097
3	178927977	4097
3	178927978	4097
3	178927979	4097
3	178927980	4097
3	178927981	4097
3	178927982	4097
3	178927983	4097
3	178927984	4097
3	178927985	4097
3	178927986	4097
3	178927987	4097
3	178927988	4097
3	178927989	4097
3	178927990	4097
3	178927991	4097
3	178927992	4097
3	178927993	4097
3	178927994	4097
3	178927995	4097
3	178927996	4097
3	178927997	4097
3	178927998	4097
3	178927999	4097
3	178928000	4097
3	178928001	4097
3	178928002	4097
3	178928003	4097
3	178928004	4097
3	178928005	4097
3	178928006	4097
3	178928007	4097
3	178928008	4097
3	178928009	4097
3	178928010	4097
3	178928011	4097
3	178928012	4097
3	178928013	4097
3	178928014	4097
3	178928015	4097
3	178928016	4097
3	178928017	4097
3	178928018	4097
3	178928019	4097
3	178928020	4097
3	178928021	4097
3	178928022	4097
3	178928023	4097
3	178928024	4097
3	178928025	4097
3	178928026	4097
3	178928027	4097
3	178928028	4097
3	178928029	4097
3	178928030	4097
3	178928031	4097
3	178928032	4097
3	178928033	4097
3	178928034	4097
3	178928035	4097
3	178928036	4097
3	178928037	7740
3	178928038	7740
3	178928039	7740
3	178928040	7740
3	178928041	7740
3	178928042	7740
3	178928043	7740
3	178928044	7741
3	178928045	7741
3	178928046	7741
3	178928047	5658
3	178928048	5657
3	178928049	5657
3	178928050	5657
3	178928054	7217
3	178928055	7217
3	178928056	7217
3	178928057	7217
3	178928058	7217
3	178928059	7217
3	178928060	7217
3	178928061	7217
3	178928062	7217
3	178928063	7217
3	178928064	7217
3	178928065	7217
3	178928066	7217
3	178928067	7217
3	178928068	7217
3	178928069	7217
3	178928070	7217
3	178928071	7217
3	178928072	7217
3	178928073	7217
3	178928074	7217
3	178928075	7217
3	178928076	7217
3	178928077	7217
3	178928078	7217
3	178928079	7217
3	178928080	7217
3	178928081	7217
3	178928082	7217
3	178928083	7217
3	178928084	7217
3	178928085	7217
3	178928086	7217
3	178928087	7217
3	178928088	7217
3	178928089	7217
3	178928090	7217
3	178928091	7217
3	178928092	7217
3	178928093	7217
3	178928094	7217
3	178928095	7217
3	178928096	7217
3	178928097	7217
3	178928098	7217
3	178928099	7217
3	178928100	7217
3	178928101	7217
3	178928102	7217
3	178928103	7217
3	178928104	7217
3	178928105	7217
3	178928106	7217
3	178928107	7217
3	178928108	7217
3	178928109	7217
3	178928110	7217
3	178928111	7217
3	178928112	7217
3	178928113	7217
3	178928114	7217
3	178928115	7217
3	178928116	7217
3	178928117	7217
3	178928118	7217
3	178928119	7217
3	178928120	7217
3	178928121	7217
3	178928122	7217
3	178928123	7217
3	178928124	7217
3	178928125	7217
3	178928126	7217
3	178928127	7217
3	178928128	7217
3	178928129	7217
3	178928130	7217
3	178928131	7217
3	178928132	7217
3	178928133	7217
3	178928134	7217
3	178928135	7217
3	178928136	7217
3	178928137	7217
3	178928138	7217
3	178928139	7217
3	178928140	7217
3	178928141	7217
3	178928142	7217
3	178928143	7217
3	178928144	7217
3	178928145	7217
3	178928146	7217
3	178928147	7217
3	178928148	7217
3	178928149	7217
3	178928150	7217
3	178928151	7217
3	178928152	7217
3	178928153	7217
3	178928154	7217
3	178928155	7217
3	178928156	7217
3	178928157	7217
3	178928158	7217
3	178928159	7217
3	178936020	35556
3	178936021	35556
3	178936022	35556
3	178936023	35556
3	178936024	35556
3	178936025	35556
3	178936026	35556
3	178936027	35556
3	178936028	35556
3	178936029	35556
3	178936030	35556
3	178936031	35556
3	178936032	35556
3	178936033	35556
3	178936034	35556
3	178936035	35556
3	178936036	35556
3	178936037	35556
3	178936038	35556
3	178936039	35556
3	178936040	35556
3	178936041	35556
3	178936042	35556
3	178936043	35556
3	178936044	35556
3	178936045	35556
3	178936046	35556
3	178936047	35556
3	178936048	35556
3	178936049	35556
3	178936050	35556
3	178936051	35556
3	178936052	35556
3	178936053	35556
3	178936054	35556
3	178936055	35556
3	178936056	35556
3	178936057	35556
3	178936058	35556
3	178936059	35556
3	178936060	35556
3	178936061	35556
3	178936062	35556
3	178936063	35556
3	178936064	35556
3	178936065	35556
3	178936066	35556
3	178936067	35556
3	178936068	35556
3	178936069	35556
3	178936070	35556
3	178936071	35556
3	178936072	35556
3	178936073	35556
3	178936074	35556
3	178936075	35556
3	178936076	35556
3	178936077	35556
3	178936078	35556
3	178936079	35556
3	178936080	35556
3	178936081	35556
3	178936082	35556
3	178936083	35556
3	178936084	35556
3	178936085	35556
3	178936086	35556
3	178936087	35556
3	178936088	35556
3	178936089	35556
3	178936090	35556
3	178936091	35556
3	178936092	35556
3	178936093	35556
3	178936094	35556
3	178936095	35556
3	178936096	35556
3	178936097	35556
3	178936098	35556
3	178936099	35556
3	178936100	35556
3	178936101	35556
3	178936102	35556
3	178936103	35556
3	178938842	19228
3	178938843	19228
3	178938844	19229
3	178938845	19230
3	178938846	19230
3	178938847	19230
3	178938848	19230
3	178938849	19230
3	178938850	19230
3	178938851	19230
3	178938852	19230
3	178938853	19230
3	178938854	19230
3	178938855	19230
3	178938856	19230
3	178938857	19230
3	178938858	19230
3	178938859	19230
3	178938860	19230
3	178938861	19230
3	178938862	19230
3	178938863	19230
3	178938864	19230
3	178938865	19230
3	178938866	19230
3	178938867	19230
3	178938868	19230
3	178938869	19230
3	178938870	19230
3	178938871	19230
3	178938872	19230
3	178938873	19230
3	178938874	19230
3	178938875	19230
3	178938876	19230
3	178938877	19230
3	178938878	19230
3	178938879	19230
3	178938880	19230
3	178938881	19230
3	178938882	19230
3	178938883	19230
3	178938884	19230
3	178938885	19230
3	178938886	19230
3	178938887	19230
3	178938888	19230
3	178938889	19230
3	178938890	19230
3	178938891	19230
3	178938892	19230
3	178938893	19230
3	178938894	19230
3	178938895	19230
3	178938896	19230
3	178938897	19230
3	178938898	19230
3	178938899	19230
3	178938900	19230
3	178938901	19230
3	178938902	19230
3	178938903	19230
3	178938904	19230
3	178938905	19230
3	178938906	19230
3	178938907	19230
3	178938908	19230
3	178938909	19230
3	178938910	19230
3	178938911	19230
3	178938912	19230
3	178938913	19230
3	178938914	19230
3	178938915	19230
3	178938916	19230
3	178938917	19230
3	178938918	19230
3	178938919	19230
3	178938920	19230
3	178938921	19230
3	178938922	19230
3	178938923	19230
3	178938924	19230
3	178938925	19230
3	178938926	19230
3	178938927	19230
3	178938928	19230
3	178938929	19230
3	178938930	19230
3	178938931	19230
3	178938932	19230
3	178938933	19230
3	178938934	19230
3	178938935	19230
3	178938936	19230
3	178938937	19230
3	178938938	19230
3	178938939	19230
3	178938940	19230
3	178938941	19230
3	178938942	19230
3	178938943	19230
3	178938944	19230
3	178938945	19230
3	178938946	19230
3	178938947	19228
3	178938948	19228
3	178938949	19228
3	178938950	19227
3	178938951	19227
3	178938952	19227
3	178938953	19227
3	178938954	19227
3	178938955	19227
3	178938956	19227
3	178938957	19226
3	178938958	9617
3	178938959	9616
3	178938960	9616
3	178938961	9615
3	178938962	9615
3	178938963	9615
3	178938964	9615
3	178938965	9615
3	178938966	9615
3	178938967	9615
3	178938968	9615
3	178938969	9615
3	178951974	2209
3	178951975	2209
3	178951976	2209
3	178951977	2209
3	178951978	2209
3	178951979	2209
3	178951980	2209
3	178951981	2209
3	178951982	2209
3	178951983	2209
3	178951984	2209
3	178951985	2209
3	178951986	2209
3	178951987	2209
3	178951988	2209
3	178951989	2209
3	178951990	2209
3	178951991	2209
3	178951992	2209
3	178951993	2209
3	178951994	2209
3	178951995	2209
3	178951996	2209
3	178951997	2209
3	178951998	2209
3	178951999	2209
3	178952000	2209
3	178952001	2209
3	178952002	2209
3	178952003	2209
3	178952004	2209
3	178952005	2209
3	178952006	2209
3	178952007	2209
3	178952008	2209
3	178952009	2209
3	178952010	2209
3	178952011	2209
3	178952012	2209
3	178952013	2209
3	178952014	2209
3	178952015	2212
3	178952016	2212
3	178952017	2214
3	178952018	2215
3	178952019	2218
3	178952020	2222
3	178952021	2232
3	178952022	2333
3	178952023	2612
3	178952024	4327
3	178952025	6029
3	178952026	6035
3	178952027	6036
3	178952028	6036
3	178952029	6036
3	178952030	6036
3	178952031	6036
3	178952032	6036
3	178952033	6036
3	178952034	6036
3	178952035	6036
3	178952036	6036
3	178952037	6036
3	178952038	6036
3	178952039	6036
3	178952040	6040
3	178952041	9763
3	178952042	9842
3	178952043	9842
3	178952044	9842
3	178952045	9842
3	178952046	9842
3	178952047	9842
3	178952048	9842
3	178952049	9842
3	178952050	9842
3	178952051	9843
3	178952052	17292
3	178952053	17292
3	178952054	17292
3	178952055	17292
3	178952056	17292
3	178952057	17292
3	178952058	17292
3	178952059	17292
3	178952060	17292
3	178952061	17292
3	178952062	17292
3	178952063	17292
3	178952064	17292
3	178952065	17292
3	178952066	17292
3	178952067	17292
3	178952068	17292
3	178952069	17292
3	178952070	17292
3	178952071	17291
3	178952072	17291
3	178952073	17291
3	178952074	17291
3	178952075	17291
3	178952076	17291
3	178952077	17291
3	178952078	17291
3	178952079	17291
3	178952080	17291
3	178952081	17291
3	178952082	17291
3	178952083	17291
3	178952084	17291
3	178952085	17291
3	178952086	17291
3	178952087	17291
3	178952088	17291
3	178952089	17291
3	178952090	17291
3	178952091	17291
3	178952092	17281
3	178952093	16095
3	178952094	16095
3	178952095	16095
3	178952096	11256
3	178952097	11256
3	178952098	11256
3	178952099	11256
3	178952100	11256
3	178952101	11256
3	178952102	11256
3	178952103	11256
3	178952104	11256
3	178952105	11256
3	178952106	11256
3	178952107	11256
3	178952108	11256
3	178952109	11256
3	178952110	11256
3	178952111	11256
3	178952112	11256
3	178952113	11256
3	178952114	11256
3	178952115	11256
3	178952116	11256
3	178952117	11256
3	178952118	11256
3	178952119	11256
3	178952120	11256
3	178952121	11255
3	178952122	11253
3	178952123	7429
3	178952124	7429
3	178952125	7429
3	178952126	7429
3	178952127	7429
3	178952128	7429
3	178952129	7429
3	178952130	7429
3	178952131	7429
3	178952132	7429
3	178952133	7429
3	178952134	7429
3	178952135	7429
3	178952136	7429
3	178952137	7429
3	178952138	7429
3	178952139	7429
3	178952140	7429
3	178952141	7429
3	178952142	7429
3	178952143	7429
3	178952144	7429
3	178952145	7429
3	178952146	7429
3	178952147	7429
3	178952148	7429
3	178952149	7429
3	178952150	7429
3	178952151	7429
3	178952152	7429
3	178952153	7429
3	178952154	7429
3	178952155	7429
3	178952156	7429
3	178952157	7429
3	178952158	7429
3	178952159	7429
3	178952160	7429
3	178952161	7429
3	178952162	7429
3	178952163	7429
3	178952164	3860
3	178952165	3808
17	7572848	743
17	7572849	744
17	7572850	865
17	7572851	1166
17	7572852	1235
17	7572853	1238
17	7572854	1238
17	7572855	1239
17	7572856	1242
17	7572857	1242
17	7572858	1242
17	7572859	1242
17	7572860	1242
17	7572861	1242
17	7572862	1242
17	7572863	1242
17	7572864	1242
17	7572865	1242
17	7572866	1242
17	7572867	1242
17	7572868	1242
17	7572869	1242
17	7572870	1242
17	7572871	1242
17	7572872	1242
17	7572873	1242
17	7572874	1242
17	7572875	1242
17	7572876	1242
17	7572877	1242
17	7572878	1242
17	7572879	1242
17	7572880	1242
17	7572881	1242
17	7572882	1242
17	7572883	1242
17	7572884	1246
17	7572885	1359
17	7572886	1359
17	7572887	1360
17	7572888	1360
17	7572889	1360
17	7572890	1360
17	7572891	1361
17	7572892	1361
17	7572893	1361
17	7572894	1361
17	7572895	1361
17	7572896	1361
17	7572897	1361
17	7572898	1361
17	7572899	1361
17	7572900	1361
17	7572901	1361
17	7572902	1361
17	7572903	1361
17	7572904	1361
17	7572905	1361
17	7572906	1361
17	7572907	1361
17	7572908	1361
17	7572909	1361
17	7572910	1361
17	7572911	1361
17	7572912	1361
17	7572913	1361
17	7572914	1361
17	7572915	1361
17	7572916	1361
17	7572917	1361
17	7572918	1361
17	7572919	1361
17	7572920	1361
17	7572921	1361
17	7572922	1361
17	7572923	1361
17	7572924	1361
17	7572925	1361
17	7572926	1361
17	7572927	1361
17	7572928	1361
17	7572929	1361
17	7572930	1361
17	7572931	1361
17	7572932	1361
17	7572933	1361
17	7572934	1361
17	7572935	1361
17	7572936	1361
17	7572937	1361
17	7572938	1361
17	7572939	1368
17	7572940	3549
17	7572941	4348
17	7572942	4348
17	7572943	4348
17	7572944	4348
17	7572945	4353
17	7572946	4353
17	7572947	4353
17	7572948	4353
17	7572949	4353
17	7572950	4353
17	7572951	4353
17	7572952	4353
17	7572953	4353
17	7572954	4353
17	7572955	4353
17	7572956	4353
17	7572957	4353
17	7572958	4353
17	7572959	4353
17	7572960	4353
17	7572961	4353
17	7572962	4353
17	7572963	4353
17	7572964	4353
17	7572965	4353
17	7572966	7220
17	7572967	6480
17	7572968	6477
17	7572969	6477
17	7572970	6477
17	7572971	6477
17	7572972	6477
17	7572973	6477
17	7572974	6477
17	7572975	6477
17	7572976	6477
17	7572977	5859
17	7572978	5859
17	7572979	5859
17	7572980	5859
17	7572981	5859
17	7572982	5859
17	7572983	5859
17	7572984	5859
17	7572985	5859
17	7572986	5859
17	7572987	5859
17	7572988	5859
17	7572989	5859
17	7572990	5859
17	7572991	5858
17	7572992	5859
17	7572993	5859
17	7572994	5859
17	7572995	5859
17	7572996	5859
17	7572997	5859
17	7572998	5859
17	7572999	5859
17	7573000	5859
17	7573001	5859
17	7573002	5859
17	7573003	5859
17	7573004	5859
17	7573005	5859
17	7573006	5859
17	7573007	5859
17	7573008	5859
17	7573009	5859
17	7573010	5859
17	7573011	5859
17	7573012	5859
17	7573013	5859
17	7573014	5859
17	7573015	5859
17	7573016	5859
17	7573017	5859
17	7573018	5859
17	7573019	5859
17	7573020	5859
17	7573021	5859
17	7573022	5859
17	7573023	5859
17	7573024	5859
17	7573025	5859
17	7573026	5859
17	7573027	5859
17	7573028	5859
17	7573029	5859
17	7573030	5859
17	7573031	5859
17	7573032	5859
17	7573033	5859
17	7573034	5859
17	7573035	5859
17	7573036	5859
17	7573037	5859
17	7573038	5859
17	7573039	5859
17	7573040	5859
17	7573041	5859
17	7573042	5859
17	7573043	5859
17	7573044	5859
17	7573045	5859
17	7573046	5859
17	7573047	5859
17	7573048	5859
17	7573049	5859
17	7573050	5859
17	7573051	5859
17	7573052	5859
17	7573053	5859
17	7573054	5859
17	7573055	5859
17	7573056	5859
17	7573057	5859
17	7573058	5859
17	7573059	5859
17	7573060	5859
17	7573061	5859
17	7573062	5859
17	7573063	5859
17	7573064	5859
17	7573065	5859
17	7573066	5859
17	7573067	5859
17	7573878	1125
17	7573879	1125
17	7573880	1125
17	7573881	1125
17	7573882	1126
17	7573883	1126
17	7573884	1126
17	7573885	1126
17	7573886	1126
17	7573887	1126
17	7573888	1126
17	7573889	1126
17	7573890	1126
17	7573891	1126
17	7573892	1126
17	7573893	1126
17	7573894	1126
17	7573895	1126
17	7573896	1126
17	7573897	1126
17	7573898	1126
17	7573899	1126
17	7573900	1126
17	7573901	1126
17	7573902	1126
17	7573903	1126
17	7573904	1126
17	7573905	1126
17	7573906	1126
17	7573907	1126
17	7573908	1126
17	7573909	1126
17	7573910	1126
17	7573911	1126
17	7573912	1126
17	7573913	1126
17	7573914	1126
17	7573915	1126
17	7573916	1126
17	7573917	1126
17	7573918	1126
17	7573919	1126
17	7573920	1126
17	7573921	1126
17	7573922	1126
17	7573923	1126
17	7573924	1126
17	7573925	1126
17	7573926	1126
17	7573927	1126
17	7573928	1126
17	7573929	1126
17	7573930	1126
17	7573931	1126
17	7573932	1126
17	7573933	1126
17	7573934	1126
17	7573935	1126
17	7573936	1126
17	7573937	1126
17	7573938	1126
17	7573939	1126
17	7573940	1126
17	7573941	1126
17	7573942	1126
17	7573943	1126
17	7573944	1124
17	7573945	1126
17	7573946	1126
17	7573947	1126
17	7573948	1126
17	7573949	1126
17	7573950	1129
17	7573951	1380
17	7573952	1380
17	7573953	1380
17	7573954	1380
17	7573955	1380
17	7573956	1380
17	7573957	1380
17	7573958	1380
17	7573959	1380
17	7573960	1380
17	7573961	1381
17	7573962	1381
17	7573963	1385
17	7573964	1386
17	7573965	1386
17	7573966	1389
17	7573967	1394
17	7573968	1398
17	7573969	1411
17	7573970	1453
17	7573971	1599
17	7573972	2214
17	7573973	3715
17	7573974	3721
17	7573975	3725
17	7573976	3725
17	7573977	3725
17	7573978	3725
17	7573979	3725
17	7573980	3725
17	7573981	3725
17	7573982	3725
17	7573983	3725
17	7573984	3725
17	7573985	3725
17	7573986	3725
17	7573987	3725
17	7573988	3725
17	7573989	3725
17	7573990	3725
17	7573991	3725
17	7573992	3725
17	7573993	3725
17	7573994	3041
17	7573995	5380
17	7573996	5380
17	7573997	5380
17	7573998	5380
17	7573999	5380
17	7574000	5380
17	7574001	5380
17	7574002	5380
17	7574003	5380
17	7574004	5380
17	7574005	4944
17	7574006	4944
17	7574007	4944
17	7574008	4944
17	7574009	4944
17	7574010	4944
17	7574011	4944
17	7574012	4944
17	7574013	4944
17	7574014	4944
17	7574015	4944
17	7574016	4944
17	7574017	4944
17	7574018	4944
17	7574019	4944
17	7574020	4944
17	7574021	4944
17	7574022	4944
17	7574023	4944
17	7574024	4944
17	7574025	4944
17	7574026	4944
17	7574027	4944
17	7574028	4944
17	7574029	4944
17	7574030	4944
17	7574031	4944
17	7574032	4944
17	7574033	4944
17	7574034	4944
17	7574035	4944
17	7574036	4944
17	7574037	4944
17	7574038	4944
17	7574039	4944
17	7574040	4944
17	7574041	4944
17	7574042	4944
17	7574043	4944
17	7574044	4944
17	7574045	4944
17	7574046	4944
17	7574047	4944
17	7574048	4944
17	7574049	4944
17	7574050	4944
17	7574051	4944
17	7574052	4944
17	7574053	4944
17	7574054	4944
17	7574055	4944
17	7574056	4944
17	7574057	4944
17	7574058	4944
17	7574059	4944
17	7574060	4944
17	7574061	4944
17	7574062	4944
17	7574063	4944
17	7574064	4944
17	7574065	4944
17	7574066	4944
17	7574067	4944
17	7574068	4944
17	7574069	4944
17	7574070	4944
17	7576830	13867
17	7576831	13867
17	7576832	13867
17	7576833	13867
17	7576834	13867
17	7576835	13867
17	7576836	13869
17	7576837	13869
17	7576838	13870
17	7576839	13870
17	7576840	13870
17	7576841	13870
17	7576842	13870
17	7576843	13870
17	7576844	13870
17	7576845	13870
17	7576846	13870
17	7576847	13870
17	7576848	13870
17	7576849	13870
17	7576850	13870
17	7576851	13870
17	7576852	13870
17	7576853	13870
17	7576854	13870
17	7576855	13870
17	7576856	13870
17	7576857	13870
17	7576858	13870
17	7576859	13870
17	7576860	13870
17	7576861	13870
17	7576862	13870
17	7576863	13870
17	7576864	13870
17	7576865	13870
17	7576866	13870
17	7576867	13870
17	7576868	13870
17	7576869	13870
17	7576870	13870
17	7576871	13870
17	7576872	13870
17	7576873	13870
17	7576874	13870
17	7576875	13870
17	7576876	13870
17	7576877	13870
17	7576878	13870
17	7576879	13870
17	7576880	13870
17	7576881	13870
17	7576882	13870
17	7576883	13870
17	7576884	13870
17	7576885	13870
17	7576886	13870
17	7576887	13870
17	7576888	13870
17	7576889	13870
17	7576890	13870
17	7576891	13870
17	7576892	13870
17	7576893	13870
17	7576894	13870
17	7576895	13870
17	7576896	13870
17	7576897	13868
17	7576898	13870
17	7576899	13870
17	7576900	13870
17	7576901	13870
17	7576902	13870
17	7576903	13870
17	7576904	13870
17	7576905	13870
17	7576906	13870
17	7576907	13870
17	7576908	13870
17	7576909	13870
17	7576910	13870
17	7576911	13870
17	7576912	13870
17	7576913	13870
17	7576914	13870
17	7576915	13870
17	7576916	13870
17	7576917	13870
17	7576918	13870
17	7576919	13870
17	7576920	13870
17	7576921	13870
17	7576922	13870
17	7576923	13870
17	7576924	13870
17	7576925	13870
17	7576926	13870
17	7576927	13870
17	7576928	13870
17	7576929	13870
17	7576930	13870
17	7576931	13870
17	7576932	13870
17	7576933	13870
17	7576934	13870
17	7576935	13869
17	7576936	13869
17	7576937	13869
17	7576938	13866
17	7576939	13866
17	7576940	13866
17	7576941	13866
17	7576942	13866
17	7576943	13866
17	7576944	6932
17	7576945	6933
17	7576946	6933
17	7576947	6933
17	7576948	6933
17	7576949	6933
17	7577018	246
17	7577019	246
17	7577020	248
17	7577021	444
17	7577022	444
17	7577023	444
17	7577024	444
17	7577025	444
17	7577026	444
17	7577027	444
17	7577028	444
17	7577029	444
17	7577030	444
17	7577031	444
17	7577032	444
17	7577033	444
17	7577034	444
17	7577035	444
17	7577036	444
17	7577037	444
17	7577038	444
17	7577039	444
17	7577040	444
17	7577041	444
17	7577042	444
17	7577043	444
17	7577044	444
17	7577045	444
17	7577046	444
17	7577047	444
17	7577048	444
17	7577049	444
17	7577050	444
17	7577051	444
17	7577052	444
17	7577053	444
17	7577054	444
17	7577055	444
17	7577056	444
17	7577057	444
17	7577058	444
17	7577059	444
17	7577060	444
17	7577061	444
17	7577062	444
17	7577063	444
17	7577064	444
17	7577065	444
17	7577066	444
17	7577067	444
17	7577068	444
17	7577069	444
17	7577070	444
17	7577071	444
17	7577072	444
17	7577073	444
17	7577074	444
17	7577075	444
17	7577076	444
17	7577077	444
17	7577078	444
17	7577079	444
17	7577080	444
17	7577081	444
17	7577082	444
17	7577083	444
17	7577084	444
17	7577085	444
17	7577086	444
17	7577087	444
17	7577088	444
17	7577089	444
17	7577090	444
17	7577091	455
17	7577092	468
17	7577093	699
17	7577094	1003
17	7577095	1163
17	7577096	1640
17	7577097	3647
17	7577098	3650
17	7577099	3660
17	7577100	3660
17	7577101	3662
17	7577102	3662
17	7577103	3662
17	7577104	3662
17	7577105	3662
17	7577106	3662
17	7577107	3662
17	7577108	3662
17	7577109	3662
17	7577110	3662
17	7577111	3662
17	7577112	3662
17	7577113	3662
17	7577114	3662
17	7577115	3662
17	7577116	3662
17	7577117	3662
17	7577118	3662
17	7577119	3662
17	7577120	6825
17	7577121	6827
17	7577122	6827
17	7577123	6827
17	7577124	6827
17	7577125	6827
17	7577126	6827
17	7577127	6827
17	7577128	6827
17	7577129	6827
17	7577130	6827
17	7577131	6827
17	7577132	6827
17	7577133	6827
17	7577134	6827
17	7577135	6827
17	7577136	6827
17	7577137	6581
17	7577138	6581
17	7577139	6581
17	7577140	6581
17	7577141	6581
17	7577142	6383
17	7577143	6383
17	7577144	6383
17	7577145	6383
17	7577146	6383
17	7577147	6383
17	7577148	6383
17	7577149	6383
17	7577150	6383
17	7577151	6383
17	7577152	6383
17	7577153	6383
17	7577154	6383
17	7577155	6383
17	7577156	6383
17	7577157	6383
17	7577158	6383
17	7577159	6383
17	7577160	6383
17	7577161	6383
17	7577162	6383
17	7577163	6383
17	7577164	6383
17	7577165	6383
17	7577166	6383
17	7577167	6383
17	7577168	6383
17	7577169	6383
17	7577170	6383
17	7577171	6383
17	7577172	6383
17	7577173	6383
17	7577174	6383
17	7577175	6383
17	7577176	6383
17	7577177	6383
17	7577178	6383
17	7577179	6383
17	7577180	6383
17	7577181	6383
17	7577182	6383
17	7577183	6383
17	7577184	6383
17	7577185	6383
17	7577186	6383
17	7577187	6383
17	7577188	6383
17	7577189	6383
17	7577190	6383
17	7577191	6383
17	7577192	6383
17	7577193	6383
17	7577194	6383
17	7577195	6383
17	7577196	6383
17	7577197	6383
17	7577198	6383
17	7577199	6383
17	7577200	6383
17	7577201	6383
17	7577202	6383
17	7577203	6383
17	7577204	6383
17	7577205	6383
17	7577206	6383
17	7577207	6383
17	7577208	6383
17	7577209	6383
17	7577210	6383
17	7577211	6383
17	7577212	6383
17	7577213	6383
17	7577214	6383
17	7577215	6383
17	7577216	6383
17	7577217	6383
17	7577218	6382
17	7577219	6382
17	7577220	6381
17	7577393	4871
17	7577394	4871
17	7577395	4871
17	7577396	4871
17	7577397	4871
17	7577398	4871
17	7577399	4871
17	7577400	4871
17	7577401	4871
17	7577402	4871
17	7577403	4871
17	7577404	4871
17	7577405	4871
17	7577406	4871
17	7577407	4871
17	7577408	4871
17	7577409	4871
17	7577410	4871
17	7577411	4871
17	7577412	4871
17	7577413	4871
17	7577414	4871
17	7577415	4871
17	7577416	4871
17	7577417	4871
17	7577418	4871
17	7577419	4871
17	7577420	4871
17	7577421	4871
17	7577422	4871
17	7577423	4871
17	7577424	4871
17	7577425	4871
17	7577426	4871
17	7577427	4871
17	7577428	4871
17	7577429	4871
17	7577430	4871
17	7577431	4871
17	7577432	4871
17	7577433	4871
17	7577434	4871
17	7577435	4871
17	7577436	4871
17	7577437	4871
17	7577438	4871
17	7577439	4871
17	7577440	4871
17	7577441	4871
17	7577442	4871
17	7577443	4871
17	7577444	4871
17	7577445	4871
17	7577446	4871
17	7577447	4871
17	7577448	4871
17	7577449	4871
17	7577450	4871
17	7577451	4871
17	7577452	4871
17	7577453	4871
17	7577454	4871
17	7577455	4871
17	7577456	4871
17	7577457	4871
17	7577458	4871
17	7577459	4871
17	7577460	4871
17	7577461	4871
17	7577462	4871
17	7577463	4871
17	7577464	4871
17	7577465	4871
17	7577466	4871
17	7577467	4871
17	7577468	4871
17	7577469	4871
17	7577470	4871
17	7577471	4871
17	7577472	4871
17	7577473	4871
17	7577474	4871
17	7577475	4871
17	7577476	4871
17	7577477	4871
17	7577478	4871
17	7577479	4871
17	7577480	4871
17	7577481	4871
17	7577482	4871
17	7577483	4871
17	7577484	4871
17	7577485	4871
17	7577486	4871
17	7577487	4871
17	7577488	4872
17	7577489	4872
17	7577490	4872
17	7577491	4872
17	7577492	4872
17	7577493	4872
17	7577494	4872
17	7577495	4872
17	7577496	4872
17	7577497	4872
17	7577498	4872
17	7577499	4872
17	7577500	4872
17	7577501	4872
17	7577502	4872
17	7577503	4872
17	7577504	4872
17	7577505	4872
17	7577506	4872
17	7577507	4872
17	7577508	4872
17	7577509	4873
17	7577510	4873
17	7577511	2442
17	7577512	5
17	7577513	3
17	7577514	2
17	7577515	2
17	7577516	2
17	7577517	2
17	7577518	2
17	7577519	2
17	7577520	2
17	7577521	2
17	7577522	2
17	7577523	2
17	7577524	2
17	7577525	2
17	7577526	2
17	7577527	2
17	7577528	2
17	7577529	2
17	7577530	2
17	7577531	2
17	7577532	2
17	7577533	2
17	7577534	2
17	7577535	2
17	7577536	2
17	7577537	2
17	7577538	2
17	7577539	2
17	7577540	2
17	7577541	2
17	7577542	2
17	7577543	2
17	7577544	2
17	7577545	2
17	7577546	2
17	7577547	2
17	7577548	2
17	7577549	2
17	7577550	2
17	7577551	2
17	7577552	2
17	7577553	2
17	7577554	2
17	7577555	2
17	7577556	2
17	7577557	2
17	7577558	2
17	7577559	2
17	7577560	2
17	7577561	2
17	7577562	2
17	7577563	2
17	7577564	2
17	7577565	2
17	7577566	2
17	7577567	2
17	7577568	2
17	7577569	2
17	7577570	2
17	7577571	2
17	7577572	2
17	7577573	2
17	7577574	2
17	7577575	2
17	7577576	2
17	7577577	2
17	7577578	2
17	7577579	2
17	7577580	2
17	7577581	2
17	7577582	2
17	7577583	2
17	7577584	2
17	7577585	2
17	7577586	2
17	7577587	2
17	7577588	2
17	7577589	2
17	7577590	2
17	7577591	2
17	7577592	2
17	7577593	2
17	7577594	2
17	7577595	2
17	7577596	2
17	7577597	2
17	7577598	2
17	7577599	2
17	7577600	2
17	7577601	2
17	7577602	2
17	7577603	2
17	7577604	2
17	7577605	2
17	7577606	2
17	7577607	2
17	7577608	2
17	7578096	2105
17	7578097	2105
17	7578098	2105
17	7578099	2105
17	7578100	2105
17	7578101	2105
17	7578102	2105
17	7578103	2105
17	7578104	2105
17	7578105	2105
17	7578106	2105
17	7578107	2105
17	7578108	2105
17	7578109	2105
17	7578110	2105
17	7578111	2105
17	7578112	2105
17	7578113	2105
17	7578114	2105
17	7578115	2105
17	7578116	2105
17	7578117	2105
17	7578118	2105
17	7578119	2105
17	7578120	2105
17	7578121	2105
17	7578122	2105
17	7578123	2105
17	7578124	2105
17	7578125	2105
17	7578126	2105
17	7578127	2105
17	7578128	2105
17	7578129	2105
17	7578130	2105
17	7578131	2105
17	7578132	2105
17	7578133	2105
17	7578134	2105
17	7578135	2105
17	7578136	2105
17	7578137	2105
17	7578138	2105
17	7578139	2105
17	7578140	2105
17	7578141	2105
17	7578142	2105
17	7578143	2105
17	7578144	2105
17	7578145	2105
17	7578146	2105
17	7578147	2105
17	7578148	2105
17	7578149	2105
17	7578150	2105
17	7578151	2105
17	7578152	2105
17	7578153	2105
17	7578154	2105
17	7578155	2105
17	7578156	2105
17	7578157	2105
17	7578158	2105
17	7578159	2105
17	7578160	2105
17	7578161	2105
17	7578162	2105
17	7578163	2105
17	7578164	2105
17	7578165	2105
17	7578166	2105
17	7578167	2105
17	7578168	2105
17	7578169	2103
17	7578170	2103
17	7578171	2103
17	7578172	2103
17	7578173	2103
17	7578174	2103
17	7578175	2101
17	7578176	2101
17	7578177	2101
17	7578178	2101
17	7578179	2101
17	7578180	2101
17	7578181	2101
17	7578182	2101
17	7578183	2101
17	7578184	2101
17	7578185	2101
17	7578186	2101
17	7578187	2101
17	7578188	2101
17	7578189	2101
17	7578190	2101
17	7578191	2101
17	7578192	2101
17	7578193	2101
17	7578194	2101
17	7578195	2101
17	7578196	2101
17	7578197	2101
17	7578198	2101
17	7578199	2101
17	7578200	2101
17	7578201	2101
17	7578202	2232
17	7578203	2233
17	7578204	2233
17	7578205	2233
17	7578206	2232
17	7578207	2231
17	7578208	2231
17	7578209	2370
17	7578210	2370
17	7578211	2370
17	7578212	2080
17	7578213	1317
17	7578214	1317
17	7578215	1317
17	7578216	1317
17	7578217	1317
17	7578218	1317
17	7578219	1317
17	7578220	271
17	7578221	271
17	7578222	271
17	7578223	271
17	7578224	271
17	7578225	271
17	7578226	271
17	7578227	271
17	7578228	271
17	7578229	271
17	7578230	271
17	7578231	271
17	7578232	271
17	7578233	271
17	7578234	271
17	7578235	271
17	7578236	271
17	7578237	271
17	7578238	271
17	7578239	271
17	7578240	271
17	7578241	271
17	7578242	271
17	7578243	271
17	7578244	271
17	7578245	271
17	7578246	271
17	7578247	271
17	7578248	271
17	7578249	271
17	7578250	271
17	7578251	271
17	7578252	271
17	7578253	271
17	7578254	271
17	7578255	271
17	7578256	271
17	7578257	271
17	7578258	271
17	7578259	271
17	7578260	271
17	7578261	271
17	7578262	271
17	7578263	271
17	7578264	271
17	7578265	271
17	7578266	271
17	7578267	271
17	7578268	271
17	7578269	271
17	7578270	271
17	7578271	271
17	7578272	271
17	7578273	271
17	7578274	271
17	7578275	271
17	7578276	271
17	7578277	271
17	7578278	271
17	7578279	271
17	7578280	271
17	7578281	271
17	7578282	271
17	7578283	271
17	7578284	271
17	7578285	271
17	7578286	271
17	7578287	271
17	7578288	271
17	7578289	271
17	7578290	271
17	7578291	271
17	7578292	271
17	7578293	271
17	7578294	271
17	7578295	271
17	7578296	271
17	7578297	271
17	7578298	271
17	7578299	271
17	7578300	271
17	7578301	271
17	7578302	344
17	7578303	344
17	7578304	344
17	7578305	412
17	7578306	412
17	7578307	412
17	7578308	412
17	7578309	412
17	7578310	412
17	7578311	412
17	7578312	412
17	7578313	412
17	7578314	412
17	7578315	412
17	7578316	412
17	7578317	412
17	7578318	412
17	7578319	412
17	7578320	412
17	7578321	412
17	7578322	412
17	7578323	412
17	7578324	412
17	7578325	412
17	7578326	412
17	7578327	412
17	7578328	273
17	7578329	273
17	7578330	273
17	7578331	273
17	7578332	273
17	7578333	273
17	7578334	141
17	7578335	141
17	7578336	141
17	7578337	141
17	7578338	141
17	7578339	141
17	7578340	141
17	7578341	141
17	7578342	141
17	7578343	141
17	7578344	141
17	7578345	141
17	7578346	141
17	7578347	141
17	7578348	141
17	7578349	141
17	7578350	141
17	7578351	141
17	7578352	141
17	7578353	141
17	7578354	141
17	7578355	141
17	7578356	141
17	7578357	141
17	7578358	141
17	7578359	141
17	7578360	141
17	7578361	141
17	7578362	141
17	7578363	141
17	7578364	141
17	7578365	141
17	7578366	141
17	7578367	141
17	7578368	141
17	7578369	141
17	7578370	141
17	7578371	141
17	7578372	141
17	7578373	141
17	7578374	141
17	7578375	141
17	7578376	141
17	7578377	141
17	7578378	141
17	7578379	141
17	7578380	141
17	7578381	141
17	7578382	141
17	7578383	141
17	7578384	141
17	7578385	141
17	7578386	141
17	7578387	141
17	7578388	141
17	7578389	141
17	7578390	141
17	7578391	141
17	7578392	141
17	7578393	141
17	7578394	141
17	7578395	141
17	7578396	141
17	7578397	141
17	7578398	141
17	7578399	141
17	7578400	141
17	7578401	141
17	7578402	141
17	7578403	141
17	7578404	141
17	7578405	141
17	7578406	141
17	7578407	141
17	7578408	141
17	7578409	141
17	7578410	141
17	7578411	141
17	7578412	141
17	7578413	141
17	7578414	141
17	7578415	141
17	7578416	141
17	7578417	141
17	7578418	141
17	7578419	141
17	7578420	141
17	7578421	141
17	7578422	68
17	7578423	68
17	7578424	68
17	7578425	68
17	7578426	1901
17	7578427	1901
17	7578428	3753
17	7578429	3753
17	7578430	3753
17	7578431	3753
17	7578432	3753
17	7578433	3753
17	7578434	3753
17	7578435	3753
17	7578436	3753
17	7578437	3685
17	7578438	3685
17	7578439	3685
17	7578440	3685
17	7578441	3685
17	7578442	3685
17	7578443	3685
17	7578444	3685
17	7578445	3685
17	7578446	3685
17	7578447	3685
17	7578448	3685
17	7578449	3685
17	7578450	3685
17	7578451	3685
17	7578452	3685
17	7578453	3685
17	7578454	3685
17	7578455	3685
17	7578456	3685
17	7578457	3685
17	7578458	3685
17	7578459	3685
17	7578460	3685
17	7578461	3685
17	7578462	3685
17	7578463	3685
17	7578464	3685
17	7578465	3685
17	7578466	3685
17	7578467	3685
17	7578468	3685
17	7578469	3685
17	7578470	3685
17	7578471	3685
17	7578472	3685
17	7578473	3685
17	7578474	3685
17	7578475	3685
17	7578476	3685
17	7578477	3685
17	7578478	3685
17	7578479	3685
17	7578480	3685
17	7578481	3685
17	7578482	3685
17	7578483	3685
17	7578484	3685
17	7578485	3685
17	7578486	3685
17	7578487	3685
17	7578488	3685
17	7578489	3685
17	7578490	3685
17	7578491	3685
17	7578492	3685
17	7578493	3685
17	7578494	3685
17	7578495	3685
17	7578496	3685
17	7578497	3685
17	7578498	3685
17	7578499	3685
17	7578500	3685
17	7578501	3685
17	7578502	3685
17	7578503	3685
17	7578504	3685
17	7578505	3685
17	7578506	3685
17	7578507	3685
17	7578508	3685
17	7578509	3685
17	7578510	3685
17	7578511	3685
17	7578512	3685
17	7578513	3685
17	7578514	3685
17	7578515	3685
17	7578516	3685
17	7578517	3685
17	7578518	3685
17	7578519	3685
17	7578520	3685
17	7578521	3685
17	7578522	3685
17	7578523	3685
17	7578524	3685
17	7578525	3685
17	7578526	3685
17	7578527	3685
17	7578528	3685
17	7578529	3685
17	7578530	3685
17	7578531	3685
17	7578532	3685
17	7578533	3685
17	7578534	3685
17	7578535	3685
17	7578536	3685
17	7578537	3685
17	7578538	3685
17	7578539	3684
17	7578540	3684
17	7578541	3684
17	7578542	3684
17	7578543	3684
17	7578544	3684
17	7578545	3684
17	7578546	1856
17	7578547	1856
17	7578548	1854
17	7578549	1853
17	7578550	1853
17	7578551	1853
17	7578552	1853
17	7578553	1853
17	7578554	1853
17	7579277	758
17	7579278	758
17	7579279	758
17	7579280	758
17	7579281	758
17	7579282	758
17	7579283	758
17	7579284	758
17	7579285	758
17	7579286	758
17	7579287	758
17	7579288	758
17	7579289	758
17	7579290	758
17	7579291	758
17	7579292	758
17	7579293	758
17	7579294	758
17	7579295	758
17	7579296	758
17	7579297	758
17	7579298	758
17	7579299	758
17	7579300	758
17	7579301	758
17	7579302	758
17	7579303	758
17	7579304	758
17	7579305	758
17	7579306	758
17	7579307	758
17	7579308	758
17	7579309	758
17	7579310	758
17	7579311	758
17	7579312	758
17	7579313	758
17	7579314	758
17	7579315	758
17	7579316	758
17	7579317	758
17	7579318	758
17	7579319	758
17	7579320	758
17	7579321	758
17	7579322	758
17	7579323	758
17	7579324	758
17	7579325	758
17	7579326	758
17	7579327	758
17	7579328	758
17	7579329	758
17	7579330	758
17	7579331	758
17	7579332	758
17	7579333	758
17	7579334	758
17	7579335	758
17	7579336	758
17	7579337	758
17	7579338	758
17	7579339	758
17	7579340	758
17	7579341	758
17	7579342	758
17	7579343	758
17	7579344	758
17	7579345	758
17	7579346	758
17	7579347	758
17	7579348	758
17	7579349	758
17	7579350	758
17	7579351	758
17	7579352	758
17	7579353	758
17	7579354	758
17	7579355	758
17	7579356	758
17	7579357	758
17	7579358	758
17	7579359	758
17	7579360	758
17	7579361	758
17	7579362	758
17	7579363	758
17	7579364	758
17	7579365	758
17	7579366	758
17	7579367	758
17	7579368	758
17	7579369	758
17	7579370	758
17	7579371	758
17	7579372	758
17	7579373	758
17	7579374	758
17	7579375	758
17	7579376	758
17	7579377	758
17	7579378	758
17	7579379	758
17	7579380	757
17	7579381	757
17	7579382	757
17	7579383	757
17	7579384	757
17	7579385	757
17	7579386	757
17	7579387	757
17	7579388	757
17	7579389	757
17	7579390	1039
17	7579391	1039
17	7579392	664
17	7579393	681
17	7579394	722
17	7579395	722
17	7579396	722
17	7579397	722
17	7579398	722
17	7579399	341
17	7579400	341
17	7579401	341
17	7579402	341
17	7579403	341
17	7579404	341
17	7579405	341
17	7579406	341
17	7579407	343
17	7579408	343
17	7579409	343
17	7579410	400
17	7579411	400
17	7579412	400
17	7579413	400
17	7579414	401
17	7579415	401
17	7579416	401
17	7579417	413
17	7579418	413
17	7579419	413
17	7579420	434
17	7579421	434
17	7579422	434
17	7579423	434
17	7579424	434
17	7579425	434
17	7579426	434
17	7579427	436
17	7579428	436
17	7579429	436
17	7579430	436
17	7579431	436
17	7579432	436
17	7579433	489
17	7579434	489
17	7579435	489
17	7579436	489
17	7579437	489
17	7579438	489
17	7579439	489
17	7579440	489
17	7579441	489
17	7579442	489
17	7579443	489
17	7579444	489
17	7579445	489
17	7579446	489
17	7579447	489
17	7579448	489
17	7579449	489
17	7579450	489
17	7579451	489
17	7579452	489
17	7579453	489
17	7579454	492
17	7579455	492
17	7579456	492
17	7579457	514
17	7579458	514
17	7579459	514
17	7579460	521
17	7579461	521
17	7579462	521
17	7579463	544
17	7579464	565
17	7579465	565
17	7579466	565
17	7579467	565
17	7579468	565
17	7579469	565
17	7579470	565
17	7579471	567
17	7579472	567
17	7579473	567
17	7579474	567
17	7579475	567
17	7579476	568
17	7579477	568
17	7579478	568
17	7579479	568
17	7579480	568
17	7579481	568
17	7579482	568
17	7579483	570
17	7579484	573
17	7579485	578
17	7579486	614
17	7579487	734
17	7579488	734
17	7579489	735
17	7579490	735
17	7579491	735
17	7579492	735
17	7579493	735
17	7579494	735
17	7579495	735
17	7579496	735
17	7579497	735
17	7579498	735
17	7579499	735
17	7579500	735
17	7579501	735
17	7579502	734
17	7579503	734
17	7579504	734
17	7579505	734
17	7579506	734
17	7579507	734
17	7579508	734
17	7579509	949
17	7579510	668
17	7579511	668
17	7579512	668
17	7579513	668
17	7579514	668
17	7579515	668
17	7579516	403
17	7579517	403
17	7579518	403
17	7579519	403
17	7579520	403
17	7579521	403
17	7579522	403
17	7579523	403
17	7579524	403
17	7579525	403
17	7579526	403
17	7579527	403
17	7579528	403
17	7579529	403
17	7579530	403
17	7579531	403
17	7579532	403
17	7579533	403
17	7579534	403
17	7579535	403
17	7579536	403
17	7579537	403
17	7579538	403
17	7579539	403
17	7579540	403
17	7579541	403
17	7579542	403
17	7579543	403
17	7579544	403
17	7579545	403
17	7579546	403
17	7579547	404
17	7579548	437
17	7579549	3816
17	7579550	3825
17	7579551	3827
17	7579552	3829
17	7579553	3830
17	7579554	3830
17	7579555	3830
17	7579556	3830
17	7579557	3830
17	7579558	3830
17	7579559	3830
17	7579560	3830
17	7579561	3830
17	7579562	3830
17	7579563	3830
17	7579564	3830
17	7579565	3830
17	7579566	3830
17	7579567	3830
17	7579568	3830
17	7579569	3830
17	7579570	3830
17	7579571	3830
17	7579572	3830
17	7579573	7212
17	7579574	7212
17	7579575	7212
17	7579576	7212
17	7579577	7212
17	7579578	7212
17	7579579	7212
17	7579580	7212
17	7579581	7212
17	7579582	7212
17	7579583	7212
17	7579584	7212
17	7579585	7212
17	7579586	7212
17	7579587	7212
17	7579588	7212
17	7579589	7212
17	7579590	7212
17	7579591	7024
17	7579592	7024
17	7579593	7024
17	7579594	7024
17	7579595	7024
17	7579596	7024
17	7579597	7024
17	7579598	7024
17	7579599	7024
17	7579600	7024
17	7579601	7024
17	7579602	7024
17	7579603	7024
17	7579604	7022
17	7579605	7024
17	7579606	7024
17	7579607	7024
17	7579608	7024
17	7579609	7024
17	7579610	7024
17	7579611	7024
17	7579612	7024
17	7579613	7024
17	7579614	7023
17	7579615	6857
17	7579616	6857
17	7579617	6857
17	7579618	6857
17	7579619	6857
17	7579620	6857
17	7579621	6857
17	7579622	6857
17	7579623	6857
17	7579624	6857
17	7579625	6857
17	7579626	6857
17	7579627	6856
17	7579628	6810
17	7579629	6809
17	7579630	6809
17	7579631	6809
17	7579632	6809
17	7579633	6809
17	7579634	6807
17	7579635	6809
17	7579636	6809
17	7579637	6808
17	7579638	6808
17	7579639	6806
17	7579640	6788
17	7579641	6788
17	7579642	6787
17	7579643	6788
17	7579644	3375
17	7579645	3372
17	7579646	3363
17	7579647	3355
17	7579648	266
17	7579649	265
17	7579650	265
17	7579651	265
17	7579652	265
17	7579653	91
17	7579654	91
17	7579655	91
17	7579656	23
17	7579657	23
17	7579658	23
17	7579659	21
17	7579660	3437
17	7579661	3437
17	7579662	3437
17	7579663	3437
17	7579664	3436
17	7579665	3436
17	7579666	3435
17	7579667	3435
17	7579668	3433
17	7579669	3425
17	7579670	3425
17	7579671	3425
17	7579672	3416
17	7579673	3416
17	7579674	3416
17	7579675	3416
17	7579676	3416
17	7579677	3416
17	7579678	3416
17	7579679	3416
17	7579680	3416
17	7579681	3416
17	7579682	3416
17	7579683	3416
17	7579684	3416
17	7579685	3416
17	7579686	3416
17	7579687	3416
17	7579688	3416
17	7579689	3416
17	7579840	8765
17	7579841	8765
17	7579842	8765
17	7579843	8765
17	7579844	8765
17	7579845	8765
17	7579846	8765
17	7579847	8765
17	7579848	8765
17	7579849	8765
17	7579850	8765
17	7579851	8765
17	7579852	8765
17	7579853	8765
17	7579854	8765
17	7579855	8765
17	7579856	8765
17	7579857	8765
17	7579858	8765
17	7579859	8765
17	7579860	8765
17	7579861	8765
17	7579862	8765
17	7579863	8770
17	7579864	8770
17	7579865	8770
17	7579866	8770
17	7579867	8770
17	7579868	8770
17	7579869	8770
17	7579870	8770
17	7579871	8770
17	7579872	8775
17	7579873	8775
17	7579874	8775
17	7579875	8775
17	7579876	8775
17	7579877	8775
17	7579878	8775
17	7579879	8775
17	7579880	8775
17	7579881	8775
17	7579882	8775
17	7579883	8775
17	7579884	8775
17	7579885	8775
17	7579886	8775
17	7579887	8775
17	7579888	8775
17	7579889	8775
17	7579890	8775
17	7579891	8775
17	7579892	8775
17	7579893	8775
17	7579894	8775
17	7579895	8775
17	7579896	8775
17	7579897	8775
17	7579898	8775
17	7579899	8775
17	7579900	8775
17	7579901	8775
17	7579902	8775
17	7579903	8775
17	7579904	8775
17	7579905	8775
17	7579906	8775
17	7579907	8775
17	7579908	8775
17	7579909	8775
17	7579910	8775
17	7579911	8775
17	7579912	8775
17	7579913	8775
17	7579914	8775
17	7579915	8775
17	7579916	8775
17	7579917	8775
17	7579918	8775
17	7579919	8775
17	7579920	8775
17	7579921	8775
17	7579922	8775
17	7579923	8775
17	7579924	8775
17	7579925	8775
17	7579926	8775
17	7579927	8775
17	7579928	8775
17	7579929	8775
17	7579930	8775
17	7579931	8775
17	7579932	8775
17	7579933	8775
17	7579934	8775
17	7579935	8775
17	7579936	8775
17	7579937	8775
17	7579938	8775
17	7579939	8775
17	7579940	8775
17	7579941	8775
17	7579942	8775
17	7579943	8775
17	7579944	8775
17	7579945	8775
17	7579946	8775
17	7579947	8775
17	7579948	8775
17	7579949	8775
17	7579950	8775
17	7579951	8775
17	7579952	8775
17	7579953	8775
17	7579954	8774
17	7579955	8774
17	7579956	8774
17	7579957	8774
17	7579958	8774
17	7579959	4405
17	7579960	4395
17	37863265	42410
17	37863266	42410
17	37863267	42410
17	37863268	42411
17	37863269	42411
17	37863270	42411
17	37863271	42411
17	37863272	42411
17	37863273	42411
17	37863274	42411
17	37863275	42411
17	37863276	42411
17	37863277	42411
17	37863278	42411
17	37863279	42411
17	37863280	42411
17	37863281	42411
17	37863282	42411
17	37863283	42411
17	37863284	42411
17	37863285	42411
17	37863286	42411
17	37863287	42411
17	37863288	42411
17	37863289	42411
17	37863290	42411
17	37863291	42411
17	37863292	42411
17	37863293	42411
17	37863294	42411
17	37863295	42411
17	37863296	42411
17	37863297	42412
17	37863298	42412
17	37863299	42412
17	37863300	42412
17	37863301	42412
17	37863302	42412
17	37863303	42412
17	37863304	42412
17	37863305	42412
17	37863306	42412
17	37863307	42412
17	37863308	42412
17	37863309	42412
17	37863310	42412
17	37863311	42412
17	37863312	42412
17	37863313	42412
17	37863314	42412
17	37863315	42412
17	37863316	42412
17	37863317	42412
17	37863318	42412
17	37863319	42412
17	37863320	42412
17	37863321	42412
17	37863322	42412
17	37863323	42412
17	37863324	42412
17	37863325	42412
17	37863326	42412
17	37863327	42412
17	37863328	42412
17	37863329	42412
17	37863330	42412
17	37863331	42412
17	37863332	42412
17	37863333	42412
17	37863334	42412
17	37863335	42412
17	37863336	42412
17	37863337	42412
17	37863338	42412
17	37863339	42412
17	37863340	42412
17	37863341	42412
17	37863342	42412
17	37863343	42412
17	37863344	42412
17	37863345	42412
17	37863346	42412
17	37863347	42412
17	37863348	42412
17	37863349	42409
17	37863455	28298
17	37863456	28298
17	37863457	28298
17	37863458	28298
17	37863459	28298
17	37863460	28298
17	37863461	28298
17	37863462	28298
17	37863463	28298
17	37863464	28298
17	37863465	28299
17	37863466	28299
17	37863467	28299
17	37863468	28299
17	37863469	28299
17	37863470	28299
17	37863471	28299
17	37863472	28299
17	37863473	28300
17	37863474	28300
17	37863475	28300
17	37863476	28300
17	37863477	28300
17	37863478	28300
17	37863479	28300
17	37863480	28300
17	37863481	28300
17	37863482	28300
17	37863483	28300
17	37863484	28300
17	37863485	28300
17	37863486	28300
17	37863487	28300
17	37863488	28300
17	37863489	28300
17	37863490	28300
17	37863491	28300
17	37863492	28300
17	37863493	28300
17	37863494	28300
17	37863495	28300
17	37863496	28300
17	37863497	28300
17	37863498	28300
17	37863499	28300
17	37863500	28300
17	37863501	28300
17	37863502	28300
17	37863503	28300
17	37863504	28300
17	37863505	28300
17	37863506	28300
17	37863507	28300
17	37863508	28300
17	37863509	28300
17	37863510	28300
17	37863511	28300
17	37863512	28300
17	37863513	28300
17	37863514	28300
17	37863515	28300
17	37863516	28300
17	37863517	28300
17	37863518	28300
17	37863519	28300
17	37863520	28300
17	37863521	28300
17	37863522	28300
17	37863523	28300
17	37863524	28300
17	37863525	28300
17	37863526	28300
17	37863527	28300
17	37863528	28300
17	37863529	28300
17	37863530	28300
17	37863531	28300
17	37863532	28300
17	37863533	28300
17	37863534	28300
17	37863535	28300
17	37863536	28300
17	37863537	28300
17	37863538	28300
17	37863539	28300
17	37863540	28300
17	37863541	28300
17	37863542	28300
17	37863543	28300
17	37864551	39367
17	37864552	39367
17	37864553	39369
17	37864554	39369
17	37864555	39369
17	37864556	39369
17	37864557	39369
17	37864558	39369
17	37864559	39369
17	37864560	39369
17	37864561	39369
17	37864562	39369
17	37864563	39370
17	37864564	39370
17	37864565	39370
17	37864566	39370
17	37864567	39370
17	37864568	39370
17	37864569	39370
17	37864570	39370
17	37864571	39370
17	37864572	39370
17	37864573	39370
17	37864574	39370
17	37864575	39370
17	37864576	39370
17	37864577	39370
17	37864578	39370
17	37864579	39370
17	37864580	39370
17	37864581	39370
17	37864582	39370
17	37864583	39370
17	37864584	39370
17	37864585	39370
17	37864586	39370
17	37864587	39370
17	37864588	39370
17	37864589	39370
17	37864590	39370
17	37864591	39370
17	37864592	39370
17	37864593	39370
17	37864594	39370
17	37864595	39370
17	37864596	39370
17	37864597	39370
17	37864598	39370
17	37864599	39370
17	37864600	39370
17	37864601	39371
17	37864602	39371
17	37864603	39371
17	37864604	39371
17	37864605	39371
17	37864606	39371
17	37864607	39371
17	37864608	39371
17	37864609	39371
17	37864610	39371
17	37864611	39371
17	37864612	39371
17	37864613	39371
17	37864614	39371
17	37864615	39371
17	37864616	39371
17	37864617	39371
17	37864618	39371
17	37864619	39371
17	37864620	39371
17	37864621	39371
17	37864622	39371
17	37864623	39371
17	37864624	39371
17	37864625	39371
17	37864626	39371
17	37864627	39371
17	37864628	39371
17	37864629	39371
17	37864630	39371
17	37864631	39371
17	37864632	39371
17	37864633	39371
17	37864634	39371
17	37864635	39371
17	37864636	39371
17	37864637	39371
17	37864638	39371
17	37864639	39371
17	37864640	39371
17	37864641	39371
17	37864642	39371
17	37864643	39371
17	37864644	39371
17	37864645	39371
17	37864646	39371
17	37864647	39371
17	37864648	39371
17	37864649	39371
17	37864650	39371
17	37864651	39371
17	37864652	39371
17	37864653	39371
17	37864654	39371
17	37864655	39371
17	37864656	39371
17	37864657	39371
17	37864658	39371
17	37864659	39371
17	37864660	39371
17	37864661	39369
17	37864662	39369
17	37864663	39368
17	37864664	39367
17	37864729	27510
17	37864730	27512
17	37864731	27512
17	37864732	27600
17	37864733	54985
17	37864734	54988
17	37864735	54988
17	37864736	54990
17	37864737	54990
17	37864738	54996
17	37864739	55006
17	37864740	55021
17	37864741	55023
17	37864742	55023
17	37864743	55023
17	37864744	55023
17	37864745	55023
17	37864746	55017
17	37864747	55023
17	37864748	55023
17	37864749	55023
17	37864750	55023
17	37864751	55023
17	37864752	55023
17	37864753	55023
17	37864754	55023
17	37864755	55023
17	37864756	55023
17	37864757	55023
17	37864758	55023
17	37864759	55023
17	37864760	55023
17	37864761	55023
17	37864762	55023
17	37864763	55023
17	37864764	55023
17	37864765	55023
17	37864766	55023
17	37864767	55023
17	37864768	55023
17	37864769	55023
17	37864770	55023
17	37864771	55023
17	37864772	55023
17	37864773	55023
17	37864774	55023
17	37864775	55023
17	37864776	55023
17	37864777	55023
17	37864778	55023
17	37864779	55023
17	37864780	55023
17	37864781	55023
17	37864782	55023
17	37864783	55023
17	37864784	55023
17	37864785	55023
17	37864786	55023
17	37864787	55023
17	37864788	55023
17	37864789	55023
17	37864790	55023
17	37864791	55023
17	37864792	55023
17	37864793	55023
17	37864794	55023
17	37864795	55023
17	37864796	55023
17	37864797	55023
17	37864798	55023
17	37864799	55023
17	37864800	55023
17	37864801	55023
17	37864802	55023
17	37864803	55023
17	37864804	55023
17	37864805	55023
17	37864806	55023
17	37864807	55023
17	37864808	55023
17	37864809	55023
17	37864810	55023
17	37864811	55023
17	37864812	55023
17	37864813	55023
17	37864814	55023
17	37864815	55023
17	37864816	55023
17	37864817	55023
17	37864818	55023
17	37864819	55022
17	37864820	55022
17	37864821	55022
17	37864822	55022
17	37864823	55022
17	37864824	55022
17	37864825	55022
17	37864826	55022
17	37864827	55022
17	37864828	55022
17	37864829	55021
17	37864830	55021
17	37864831	55021
17	37864832	55021
17	37864833	55021
17	37864834	55021
17	37864835	55021
17	37864836	55021
17	37864837	55021
17	37864838	55021
17	37864839	55021
17	37864840	55018
17	37864841	55018
17	37864842	55007
17	37864843	54980
17	37864844	54975
17	37864845	54975
17	37864846	54975
17	37864847	54975
17	37864848	54953
17	37864849	27516
17	37864850	27514
17	37864851	27514
17	37864852	27514
17	37864853	27514
17	37864854	27514
17	37864855	27514
17	37864856	27513
17	37864857	27512
17	37864858	27511
17	37866005	101254
17	37866006	101255
17	37866007	101255
17	37866008	101255
17	37866009	101255
17	37866010	101255
17	37866011	101255
17	37866012	101256
17	37866013	101256
17	37866014	101256
17	37866015	101256
17	37866016	101256
17	37866017	101256
17	37866018	101256
17	37866019	101256
17	37866020	101256
17	37866021	101256
17	37866022	101256
17	37866023	101256
17	37866024	101256
17	37866025	101256
17	37866026	101255
17	37866027	101255
17	37866028	101254
17	37866029	101254
17	37866030	101254
17	37866031	101275
17	37866032	101275
17	37866033	101275
17	37866034	101275
17	37866035	101275
17	37866036	101275
17	37866037	101275
17	37866038	101275
17	37866039	101275
17	37866040	101275
17	37866041	101275
17	37866042	101296
17	37866043	101296
17	37866044	101296
17	37866045	101296
17	37866046	101296
17	37866047	101296
17	37866048	101296
17	37866049	101296
17	37866050	101296
17	37866051	101296
17	37866052	101296
17	37866053	101296
17	37866054	101296
17	37866055	101296
17	37866056	101296
17	37866057	101296
17	37866058	101296
17	37866059	101296
17	37866060	101296
17	37866061	101296
17	37866062	101296
17	37866063	101296
17	37866064	101296
17	37866065	101296
17	37866066	101296
17	37866067	101296
17	37866068	101296
17	37866069	101296
17	37866070	101296
17	37866071	101296
17	37866072	101296
17	37866073	101296
17	37866074	101296
17	37866075	101296
17	37866076	101296
17	37866077	101296
17	37866078	101296
17	37866079	101296
17	37866080	101296
17	37866081	101296
17	37866082	101296
17	37866083	101296
17	37866084	101296
17	37866085	101296
17	37866086	101296
17	37866087	101296
17	37866088	101296
17	37866089	101296
17	37866090	101296
17	37866091	101296
17	37866092	101296
17	37866093	101296
17	37866094	101296
17	37866095	101296
17	37866096	101296
17	37866097	101296
17	37866098	101296
17	37866099	101296
17	37866100	101296
17	37866101	101296
17	37866102	101296
17	37866103	101296
17	37866104	101296
17	37866105	101296
17	37866106	101296
17	37866107	101295
17	37880966	64324
17	37880967	64335
17	37880968	64336
17	37880969	64337
17	37880970	64337
17	37880971	64338
17	37880972	64338
17	37880973	64334
17	37880974	64338
17	37880975	64338
17	37880976	64338
17	37880977	64338
17	37880978	64338
17	37880979	64338
17	37880980	64338
17	37880981	64338
17	37880982	64338
17	37880983	64342
17	37880984	64342
17	37880985	64342
17	37880986	64342
17	37880987	64342
17	37880988	64342
17	37880989	64342
17	37880990	64342
17	37880991	64342
17	37880992	64342
17	37880993	64342
17	37880994	64342
17	37880995	64342
17	37880996	64342
17	37880997	64342
17	37880998	64342
17	37880999	64342
17	37881000	64342
17	37881001	64342
17	37881002	64342
17	37881003	64342
17	37881004	64342
17	37881005	64342
17	37881006	64342
17	37881007	64342
17	37881008	64342
17	37881009	64342
17	37881010	64342
17	37881011	64342
17	37881012	64342
17	37881013	64342
17	37881014	64342
17	37881015	64342
17	37881016	64342
17	37881017	64342
17	37881018	64342
17	37881019	64342
17	37881020	64342
17	37881021	64342
17	37881022	64342
17	37881023	64342
17	37881024	64342
17	37881025	64342
17	37881026	64342
17	37881027	64342
17	37881028	64342
17	37881029	64342
17	37881030	64342
17	37881031	64342
17	37881032	64342
17	37881033	64342
17	37881034	64342
17	37881035	64342
17	37881036	64342
17	37881037	64342
17	37881038	64342
17	37881039	64342
17	37881040	64342
17	37881041	64342
17	37881042	64342
17	37881043	64342
17	37881044	64342
17	37881045	64342
17	37881046	64342
17	37881047	64342
17	37881048	64342
17	37881049	64342
17	37881050	64342
17	37881051	64341
17	37881052	64341
17	37881053	64341
17	37881054	64341
17	37881055	64341
17	37881056	64341
17	37881057	64341
17	37881058	64340
17	37881059	64340
17	37881060	64340
17	37881061	64340
17	37881062	64340
17	37881063	64340
17	37881064	64340
17	37881065	64340
17	37881066	64340
17	37881067	64340
17	37881068	64340
17	37881069	64340
17	37881070	64340
17	37881071	64340
17	37881072	64340
17	37881073	64340
17	37881074	64340
17	37881075	64340
17	37881076	64340
17	37881077	64340
17	37881078	64340
17	37881079	64340
17	37881080	64337
17	37881081	64336
17	37881082	64335
17	37881083	64334
17	37881084	64334
17	37881085	64317
17	37881086	32219
17	37881435	60632
17	37881436	60635
17	37881437	60639
17	37881438	60639
17	37881439	60639
17	37881440	60640
17	37881441	60640
17	37881442	60640
17	37881443	60640
17	37881444	60640
17	37881445	60640
17	37881446	60640
17	37881447	60640
17	37881448	60641
17	37881449	60643
17	37881450	60646
17	37881451	60646
17	37881452	60646
17	37881453	60646
17	37881454	60646
17	37881455	60646
17	37881456	60646
17	37881457	60646
17	37881458	60646
17	37881459	60646
17	37881460	60646
17	37881461	60646
17	37881462	60646
17	37881463	60646
17	37881464	60646
17	37881465	60646
17	37881466	60646
17	37881467	60646
17	37881468	60646
17	37881469	60646
17	37881470	60646
17	37881471	60646
17	37881472	60646
17	37881473	60646
17	37881474	60646
17	37881475	60646
17	37881476	60646
17	37881477	60646
17	37881478	60646
17	37881479	60646
17	37881480	60646
17	37881481	60646
17	37881482	60646
17	37881483	60646
17	37881484	60646
17	37881485	60646
17	37881486	60646
17	37881487	60646
17	37881488	60646
17	37881489	60646
17	37881490	60646
17	37881491	60646
17	37881492	60646
17	37881493	60646
17	37881494	60646
17	37881495	60646
17	37881496	60646
17	37881497	60646
17	37881498	60646
17	37881499	60642
17	37881500	60642
17	37881501	60642
17	37881502	60642
17	37881503	60642
17	37881504	60642
17	37881505	60642
17	37881506	60642
17	37881507	60642
17	37881508	60642
17	37881509	60642
17	37881510	60642
17	37881511	60642
17	37881512	60642
17	37881513	60642
17	37881514	60642
17	37881515	60641
17	37881516	60641
17	37881517	60641
17	37881518	60641
17	37881519	60641
17	37881520	60641
17	37881521	60641
17	37881522	60641
17	37881523	60641
17	37881524	60641
17	37881525	60641
17	37881526	60641
17	37881527	60641
17	37881528	60641
17	37881529	60643
17	37881530	60643
17	37881531	60643
17	37881532	60643
17	37881533	60643
17	37881534	60643
17	37881535	60642
17	37881536	60642
17	37881537	60641
17	42960937	9860
17	42960938	9860
17	42960939	9860
17	42960940	9860
17	42960941	9861
17	42960942	9861
17	42960943	9861
17	42960944	9861
17	42960945	9861
17	42960946	9861
17	42960947	9861
17	42960948	9861
17	42960949	9861
17	42960950	9861
17	42960951	9861
17	42960952	9861
17	42960953	9861
17	42960954	9861
17	42960955	9862
17	42960956	9862
17	42960957	9862
17	42960958	9862
17	42960959	9862
17	42960960	9862
17	42960961	9862
17	42960962	9862
17	42960963	9863
17	42960964	9863
17	42960965	9863
17	42960966	9863
17	42960967	9863
17	42960968	9863
17	42960969	9863
17	42960970	9863
17	42960971	9864
17	42960972	9864
17	42960973	9864
17	42960974	9864
17	42960975	9864
17	42960976	9864
17	42960977	9864
17	42960978	9864
17	42960979	9864
17	42960980	9864
17	42960981	9864
17	42960982	9864
17	42960983	9864
17	42960984	9864
17	42960985	9864
17	42960986	9864
17	42960987	9864
17	42960988	9864
17	42960989	9864
17	42960990	9864
17	42960991	9864
17	42960992	9864
17	42960993	9864
17	42960994	9864
17	42960995	9864
17	42960996	9864
17	42960997	9864
17	42960998	9864
17	42960999	9864
17	42961000	9864
17	42961001	9864
17	42961002	9864
17	42961003	9864
17	42961004	9864
17	42961005	9864
17	42961006	9864
17	42961007	9864
17	42961008	9864
17	42961009	9864
17	42961010	9864
17	42961011	9864
17	42961012	9864
17	42961013	9864
17	42961014	9864
17	42961015	9864
17	42961016	9864
17	42961017	9864
17	42961018	9864
17	42961019	9864
17	42961020	9864
17	42961021	9864
17	42961022	9864
17	42961023	9864
17	42961024	9864
17	42961025	9864
17	42961026	9864
17	42961027	9864
17	42961028	9864
17	42961029	9864
17	42961030	9864
17	42961031	9864
17	42961032	9864
17	42961033	9864
17	42961034	9864
17	42961035	9864
17	42961036	9864
17	42961037	9864
17	42961038	9864
17	42961039	9864
17	42961040	9864
17	42961041	9864
17	42961042	9864
17	42961043	9864
17	42961044	9864
17	42961045	9864
17	42961046	9864
17	42961047	9864
17	42961048	9864
17	42961049	9864
17	42961050	9864
17	42961051	9864
17	42961052	9864
17	42961053	9864
17	42961054	9863
17	42961055	9862
17	42961056	4936
17	42961057	4933
17	42961058	4933
17	42961059	4933
17	42961060	4933
17	42961061	4933
17	42962495	5861
17	42962496	11702
17	42962497	11702
17	42962498	11702
17	42962499	11702
17	42962500	11702
17	42962501	11702
17	42962502	11703
17	42962503	11703
17	42962504	11703
17	42962505	11703
17	42962506	11703
17	42962507	11703
17	42962508	11703
17	42962509	11703
17	42962510	11703
17	42962511	11703
17	42962512	11703
17	42962513	11703
17	42962514	11703
17	42962515	11703
17	42962516	11703
17	42962517	11703
17	42962518	11703
17	42962519	11703
17	42962520	11703
17	42962521	11703
17	42962522	11703
17	42962523	11703
17	42962524	11703
17	42962525	11703
17	42962526	11703
17	42962527	11703
17	42962528	11703
17	42962529	11703
17	42962530	11703
17	42962531	11703
17	42962532	11703
17	42962533	11703
17	42962534	11703
17	42962535	11703
17	42962536	11703
17	42962537	11703
17	42962538	11703
17	42962539	11703
17	42962540	11703
17	42962541	11703
17	42962542	11703
17	42962543	11703
17	42962544	11703
17	42962545	11703
17	42962546	11703
17	42962547	11703
17	42962548	11703
17	42962549	11703
17	42962550	11703
17	42962551	11703
17	42962552	11703
17	42962553	11703
17	42962554	11703
17	42962555	11703
17	42962556	11703
17	42962557	11703
17	42962558	11703
17	42962559	11703
17	42962560	11703
17	42962561	11703
17	42962562	11703
17	42962563	11703
17	42962564	11703
17	42962565	11703
17	42962566	11703
17	42962567	11703
17	42962568	11703
17	42962569	11703
17	42962570	11703
17	42962571	11703
17	42962572	11703
17	42962573	11703
17	42962574	11703
17	42962575	11703
17	42962576	11703
17	42962577	11703
17	42962578	11703
17	42962579	11703
17	42962580	11703
17	42962581	11703
17	42962582	11703
17	42962583	11703
17	42962584	11703
17	42962585	11703
17	42962586	11703
17	42962587	11703
17	42962588	11703
17	42962589	11703
17	42962590	11703
17	42962591	11703
17	42962592	11703
17	42962593	11703
17	42962594	11703
17	42962595	11703
17	42962596	11703
17	42962597	11703
17	42962598	11701
17	42962599	11701
17	42962600	11701
17	42962601	11701
17	42962602	11701
17	42962603	11701
17	42962604	11701
17	42962605	11701
17	42962606	11701
17	42962607	11701
17	42962608	11701
17	42962609	11701
17	42962610	11701
17	42962611	11701
17	42962612	11701
17	42962613	5861
17	42962614	5849
17	42962615	5849
17	42962616	5849
17	42962617	5849
17	42962618	5849
17	42962619	5849
17	42962620	5849
17	42962704	14381
17	42962705	14381
17	42962706	14381
17	42962707	14385
17	42962708	14385
17	42962709	14385
17	42962710	14396
17	42962711	14459
17	42962712	14465
17	42962713	14465
17	42962714	14465
17	42962715	14465
17	42962716	14465
17	42962717	14465
17	42962718	14465
17	42962719	14465
17	42962720	14465
17	42962721	14465
17	42962722	14465
17	42962723	14465
17	42962724	14465
17	42962725	14465
17	42962726	14465
17	42962727	14465
17	42962728	14465
17	42962729	14465
17	42962730	14465
17	42962731	14465
17	42962732	14465
17	42962733	14465
17	42962734	14465
17	42962735	14465
17	42962736	14465
17	42962737	14465
17	42962738	14465
17	42962739	14465
17	42962740	14465
17	42962741	14465
17	42962742	14465
17	42962743	14465
17	42962744	14465
17	42962745	14465
17	42962746	14465
17	42962747	14465
17	42962748	14465
17	42962749	14465
17	42962750	14465
17	42962751	14465
17	42962752	14465
17	42962753	14465
17	42962754	14465
17	42962755	14465
17	42962756	14465
17	42962757	14465
17	42962758	14465
17	42962759	14465
17	42962760	14465
17	42962761	14465
17	42962762	14465
17	42962763	14465
17	42962764	14465
17	42962765	14465
17	42962766	14465
17	42962767	14465
17	42962768	14465
17	42962769	14465
17	42962770	14465
17	42962771	14465
17	42962772	14465
17	42962773	14465
17	42962774	14465
17	42962775	14465
17	42962776	14465
17	42962777	14465
17	42962778	14465
17	42962779	14465
17	42962780	14465
17	42962781	14465
17	42962782	14465
17	42962783	14465
17	42962784	14465
17	42962785	14465
17	42962786	14465
17	42962787	14465
17	42962788	14465
17	42962789	14465
17	42962790	14465
17	42962791	14465
17	42962792	14465
17	42962793	14465
17	42962794	14465
17	42962795	14465
17	42962796	14465
17	42962797	14465
17	42962798	14465
17	42962799	14464
17	42962800	14464
17	42962801	14464
17	42962802	14464
17	42962803	14464
17	42962804	14464
17	42962805	14463
17	42962806	14463
17	42962807	14463
17	42962808	14463
17	42962809	14463
17	42962810	14463
17	42962811	14463
17	42962812	14463
17	42962813	14462
17	42962814	14461
17	42962815	14461
17	42962816	14461
17	42963925	12803
17	42963926	12803
17	42963927	12803
17	42963928	12803
17	42963929	12803
17	42963930	12803
17	42963931	12803
17	42963932	12803
17	42963933	12803
17	42963934	12803
17	42963935	12803
17	42963936	12803
17	42963937	12803
17	42963938	12803
17	42963939	12803
17	42963940	12803
17	42963941	12803
17	42963942	12803
17	42963943	12803
17	42963944	12803
17	42963945	12803
17	42963946	12803
17	42963947	12803
17	42963948	12803
17	42963949	12803
17	42963950	12803
17	42963951	12803
17	42963952	12803
17	42963953	12803
17	42963954	12803
17	42963955	12803
17	42963956	12803
17	42963957	12803
17	42963958	12803
17	42963959	12803
17	42963960	12803
17	42963961	12803
17	42963962	12803
17	42963963	12803
17	42963964	12803
17	42963965	12803
17	42963966	12803
17	42963967	12803
17	42963968	12803
17	42963969	12803
17	42963970	12803
17	42963971	12803
17	42963972	12803
17	42963973	12803
17	42963974	12803
17	42963975	12803
17	42963976	12803
17	42963977	12803
17	42963978	12803
17	42963979	12803
17	42963980	12803
17	42963981	12803
17	42963982	12803
17	42963983	12803
17	42963984	12803
17	42963985	12803
17	42963986	12803
17	42963987	12803
17	42963988	12803
17	42963989	12803
17	42963990	12803
17	42963991	12803
17	42963992	12803
17	42963993	12803
17	42963994	12803
17	42963995	12803
17	42963996	12803
17	42963997	12803
17	42963998	12803
17	42963999	12803
17	42964000	12803
17	42964001	12803
17	42964002	12803
17	42964003	12803
17	42964004	12803
17	42964005	12803
17	42964006	12803
17	42964007	12803
17	42964008	12803
17	42964009	12803
17	42964010	12803
17	42964011	12803
17	42964012	12803
17	42964013	12803
17	42964014	12803
17	42964015	12803
17	42964016	12803
17	42964017	12803
17	42964018	12803
17	42964019	12803
17	42964020	12803
17	42964021	12803
17	42964091	14983
17	42964092	14983
17	42964093	14983
17	42964094	14983
17	42964095	14983
17	42964096	14983
17	42964097	14983
17	42964098	14983
17	42964099	14983
17	42964100	14983
17	42964101	14983
17	42964102	14983
17	42964103	14983
17	42964104	14983
17	42964105	14983
17	42964106	14983
17	42964107	14983
17	42964108	14983
17	42964109	14983
17	42964110	14983
17	42964111	14983
17	42964112	14983
17	42964113	14983
17	42964114	14983
17	42964115	14983
17	42964116	14983
17	42964117	14983
17	42964118	14983
17	42964119	14983
17	42964120	14983
17	42964121	14983
17	42964122	14983
17	42964123	14983
17	42964124	14983
17	42964125	14983
17	42964126	14983
17	42964127	14983
17	42964128	14983
17	42964129	14983
17	42964130	14983
17	42964131	14983
17	42964132	14983
17	42964133	14983
17	42964134	14983
17	42964135	14983
17	42964136	14983
17	42964137	14983
17	42964138	14983
17	42964139	14983
17	42964140	14983
17	42964141	14983
17	42964142	14983
17	42964143	14983
17	42964144	14983
17	42964145	14983
17	42964146	14983
17	42964147	14983
17	42964148	14983
17	42964149	14983
17	42964150	14983
17	42964151	14983
17	42964152	14983
17	42964153	14983
17	42964154	14983
17	42964155	14983
17	42964156	14983
17	42964157	14983
17	42964158	14983
17	42964159	14983
17	42964160	14983
17	42964161	14983
17	42964162	14983
17	42964163	14983
17	42964164	14983
17	42964165	14983
17	42964166	14983
17	42964167	14983
17	42964168	14983
17	42964169	14983
17	42964170	14983
17	42964171	14982
17	42964172	14982
17	42964173	14982
17	42964174	14982
17	42964175	14982
17	42964176	14982
17	42964177	14982
17	42964178	14982
17	42964179	14982
17	42964180	14982
17	42964181	14982
17	42964182	14982
17	42964183	14982
17	42964184	14982
17	42964185	14981
17	42964186	14981
17	42964187	14981
17	42964188	14981
